parameters WS_8=1.3130848676549856e-06 WS_7=8.393887769888792e-06 \
    WS_6=4.846950518943702e-06 WS_5=9.683726797539257e-06 \
    WS_4=5.307937783714669e-06 WS_3=9.457364462118772e-06 \
    WS_2=9.319426585889215e-06 WS_1=8.136846024243212e-06 \
    WM7_8=2.3874596461742043e-05 WM7_7=2.1959960485579733e-05 \
    WM7_6=4.030397540326909e-05 WM7_5=4.034022946258976e-05 \
    WM7_4=3.6302328228992264e-05 WM7_3=2.0778686428128324e-05 \
    WM7_2=5.9317861605034127e-05 WM7_1=2.6752560873968377e-05 \
    WM56_8=1.0119798316826068e-05 WM56_7=1.0041627324002165e-05 \
    WM56_6=8.162670641542377e-06 WM56_5=8.828789420609649e-06 \
    WM56_4=1.2572133568844857e-05 WM56_3=1.394503262001875e-05 \
    WM56_2=1.4192242956801801e-05 WM56_1=1.3108850839996591e-05 \
    WM34_8=4.995331925560022e-06 WM34_7=1.193734211357086e-05 \
    WM34_6=9.115882549548487e-06 WM34_5=1.0192806512458734e-05 \
    WM34_4=1.347724085311102e-05 WM34_3=3.1415002125179177e-06 \
    WM34_2=8.18750788299287e-06 WM34_1=1.3329729350517192e-05 \
    WM12_8=2.455834112242611e-05 WM12_7=2.9976884222169407e-05 \
    WM12_6=1.3152473382650308e-05 WM12_5=4.573291264400638e-05 \
    WM12_4=2.2788954918015995e-05 WM12_3=4.9965299411815376e-05 \
    WM12_2=2.1275086382788897e-05 WM12_1=4.823825488593692e-05 VREF VDD pw \
    pe LS_8=6.981025014892934e-07 LS_7=6.549149900352197e-07 \
    LS_6=6.640513042293346e-07 LS_5=6.877492266451847e-07 \
    LS_4=6.425558236317179e-07 LS_3=9.908210157580216e-07 \
    LS_2=6.342150452323166e-07 LS_1=6.46068273167755e-07 \
    LM7_8=9.106186017572104e-07 LM7_7=9.05628105574228e-07 \
    LM7_6=4.4193394287591083e-07 LM7_5=6.020799983183063e-07 \
    LM7_4=4.580801131993545e-07 LM7_3=3.196164738600286e-07 \
    LM7_2=8.616133555165744e-07 LM7_1=9.13295680413382e-07 \
    LM56_8=7.890254409446475e-07 LM56_7=3.036856912011824e-07 \
    LM56_6=4.1519243553314566e-07 LM56_5=4.5790341261416753e-07 \
    LM56_4=9.004278096565893e-07 LM56_3=5.290691617579135e-07 \
    LM56_2=2.6201614441353483e-07 LM56_1=8.70016480422641e-07 \
    LM34_8=2.9606296542629985e-07 LM34_7=7.532786315114745e-07 \
    LM34_6=9.102704246114109e-07 LM34_5=3.448966643922552e-07 \
    LM34_4=9.754523642582824e-07 LM34_3=3.125651680948392e-07 \
    LM34_2=5.321983813467386e-07 LM34_1=3.723568198595719e-07 \
    LM12_8=6.520752778288845e-07 LM12_7=7.930963808524058e-07 \
    LM12_6=3.938310727794629e-07 LM12_5=3.16433704298747e-07 \
    LM12_4=8.154340425917629e-07 LM12_3=6.887723648429084e-07 \
    LM12_2=9.720306678548224e-07 LM12_1=4.4488725406685133e-07 FREQ=100M \
    AMP=1.2
